77
NULL 0 Common 0
Joined 7 0,255,0,255,0,0,0,0,0,0 Latin 1 0 1 Joined	# Joined [4a 6f 69 6e 65 64 ]a
|Broken|0|1 15 0,255,0,255,0,0,0,0,0,0 Common 2 10 2 |Broken|0|1	# Broken
A 5 0,255,0,255,0,0,0,0,0,0 Latin 21 0 3 A	# A [41 ]A
b 3 0,255,0,255,0,0,0,0,0,0 Latin 49 0 4 b	# b [62 ]a
e 3 0,255,0,255,0,0,0,0,0,0 Latin 37 0 5 e	# e [65 ]a
r 3 0,255,0,255,0,0,0,0,0,0 Latin 9 0 6 r	# r [72 ]a
d 3 0,255,0,255,0,0,0,0,0,0 Latin 46 0 7 d	# d [64 ]a
i 3 0,255,0,255,0,0,0,0,0,0 Latin 8 0 8 i	# i [69 ]a
R 5 0,255,0,255,0,0,0,0,0,0 Latin 6 0 9 R	# R [52 ]A
h 3 0,255,0,255,0,0,0,0,0,0 Latin 54 0 10 h	# h [68 ]a
, 16 0,255,0,255,0,0,0,0,0,0 Common 11 6 11 ,	# , [2c ]p
ſ 3 0,255,0,255,0,0,0,0,0,0 Latin 31 0 12 s	# ſ [17f ]a
ü 3 0,255,0,255,0,0,0,0,0,0 Latin 75 0 13 ü	# ü [fc ]a
ß 3 0,255,0,255,0,0,0,0,0,0 Latin 14 0 14 ß	# ß [df ]a
n 3 0,255,0,255,0,0,0,0,0,0 Latin 38 0 15 n	# n [6e ]a
! 16 0,255,0,255,0,0,0,0,0,0 Common 16 10 16 !	# ! [21 ]p
u 3 0,255,0,255,0,0,0,0,0,0 Latin 68 0 17 u	# u [75 ]a
t 3 0,255,0,255,0,0,0,0,0,0 Latin 48 0 18 t	# t [74 ]a
k 3 0,255,0,255,0,0,0,0,0,0 Latin 45 0 19 k	# k [6b ]a
M 5 0,255,0,255,0,0,0,0,0,0 Latin 26 0 20 M	# M [4d ]A
a 3 0,255,0,255,0,0,0,0,0,0 Latin 3 0 21 a	# a [61 ]a
l 3 0,255,0,255,0,0,0,0,0,0 Latin 47 0 22 l	# l [6c ]a
' 16 0,255,0,255,0,0,0,0,0,0 Common 23 10 23 '	# ' [27 ]p
s 3 0,255,0,255,0,0,0,0,0,0 Latin 31 0 24 s	# s [73 ]a
G 5 0,255,0,255,0,0,0,0,0,0 Latin 28 0 25 G	# G [47 ]A
m 3 0,255,0,255,0,0,0,0,0,0 Latin 20 0 26 m	# m [6d ]a
c 3 0,255,0,255,0,0,0,0,0,0 Latin 53 0 27 c	# c [63 ]a
g 3 0,255,0,255,0,0,0,0,0,0 Latin 25 0 28 g	# g [67 ]a
. 16 0,255,0,255,0,0,0,0,0,0 Common 29 6 29 .	# . [2e ]p
w 3 0,255,0,255,0,0,0,0,0,0 Latin 44 0 30 w	# w [77 ]a
S 5 0,255,0,255,0,0,0,0,0,0 Latin 24 0 31 S	# S [53 ]A
o 3 0,255,0,255,0,0,0,0,0,0 Latin 35 0 32 o	# o [6f ]a
f 3 0,255,0,255,0,0,0,0,0,0 Latin 43 0 33 f	# f [66 ]a
v 3 0,255,0,255,0,0,0,0,0,0 Latin 41 0 34 v	# v [76 ]a
O 5 0,255,0,255,0,0,0,0,0,0 Latin 32 0 35 O	# O [4f ]A
p 3 0,255,0,255,0,0,0,0,0,0 Latin 51 0 36 p	# p [70 ]a
E 5 0,255,0,255,0,0,0,0,0,0 Latin 5 0 37 E	# E [45 ]A
N 5 0,255,0,255,0,0,0,0,0,0 Latin 15 0 38 N	# N [4e ]A
Z 5 0,255,0,255,0,0,0,0,0,0 Latin 42 0 39 Z	# Z [5a ]A
— 16 0,255,0,255,0,0,0,0,0,0 Common 40 10 40 -	# — [2014 ]p
V 5 0,255,0,255,0,0,0,0,0,0 Latin 34 0 41 V	# V [56 ]A
z 3 0,255,0,255,0,0,0,0,0,0 Latin 39 0 42 z	# z [7a ]a
F 5 0,255,0,255,0,0,0,0,0,0 Latin 33 0 43 F	# F [46 ]A
W 5 0,255,0,255,0,0,0,0,0,0 Latin 30 0 44 W	# W [57 ]A
K 5 0,255,0,255,0,0,0,0,0,0 Latin 19 0 45 K	# K [4b ]A
D 5 0,255,0,255,0,0,0,0,0,0 Latin 7 0 46 D	# D [44 ]A
L 5 0,255,0,255,0,0,0,0,0,0 Latin 22 0 47 L	# L [4c ]A
T 5 0,255,0,255,0,0,0,0,0,0 Latin 18 0 48 T	# T [54 ]A
B 5 0,255,0,255,0,0,0,0,0,0 Latin 4 0 49 B	# B [42 ]A
; 16 0,255,0,255,0,0,0,0,0,0 Common 50 10 50 ;	# ; [3b ]p
P 5 0,255,0,255,0,0,0,0,0,0 Latin 36 0 51 P	# P [50 ]A
ͤ 0 0,255,0,255,0,0,0,0,0,0 Inherited 52 17 52 ͤ	# ͤ [364 ]
C 5 0,255,0,255,0,0,0,0,0,0 Latin 27 0 53 C	# C [43 ]A
H 5 0,255,0,255,0,0,0,0,0,0 Latin 10 0 54 H	# H [48 ]A
ö 3 0,255,0,255,0,0,0,0,0,0 Latin 55 0 55 ö	# ö [f6 ]a
ä 3 0,255,0,255,0,0,0,0,0,0 Latin 56 0 56 ä	# ä [e4 ]a
J 5 0,255,0,255,0,0,0,0,0,0 Latin 66 0 57 J	# J [4a ]A
1 8 0,255,0,255,0,0,0,0,0,0 Common 58 2 58 1	# 1 [31 ]0
2 8 0,255,0,255,0,0,0,0,0,0 Common 59 2 59 2	# 2 [32 ]0
4 8 0,255,0,255,0,0,0,0,0,0 Common 60 2 60 4	# 4 [34 ]0
„ 16 0,255,0,255,0,0,0,0,0,0 Common 61 10 61 „	# „ [201e ]p
“ 16 0,255,0,255,0,0,0,0,0,0 Common 62 10 62 "	# “ [201c ]p
y 3 0,255,0,255,0,0,0,0,0,0 Latin 63 0 63 y	# y [79 ]a
) 16 0,255,0,255,0,0,0,0,0,0 Common 64 10 74 )	# ) [29 ]p
? 16 0,255,0,255,0,0,0,0,0,0 Common 65 10 65 ?	# ? [3f ]p
j 3 0,255,0,255,0,0,0,0,0,0 Latin 57 0 66 j	# j [6a ]a
Q 5 0,255,0,255,0,0,0,0,0,0 Latin 71 0 67 Q	# Q [51 ]A
U 5 0,255,0,255,0,0,0,0,0,0 Latin 17 0 68 U	# U [55 ]A
: 16 0,255,0,255,0,0,0,0,0,0 Common 69 6 69 :	# : [3a ]p
» 16 0,255,0,255,0,0,0,0,0,0 Common 70 10 73 »	# » [bb ]p
q 3 0,255,0,255,0,0,0,0,0,0 Latin 67 0 71 q	# q [71 ]a
- 16 0,255,0,255,0,0,0,0,0,0 Common 72 3 72 -	# - [2d ]p
« 16 0,255,0,255,0,0,0,0,0,0 Common 73 10 70 «	# « [ab ]p
( 16 0,255,0,255,0,0,0,0,0,0 Common 74 10 64 (	# ( [28 ]p
Ü 5 0,255,0,255,0,0,0,0,0,0 Latin 13 0 75 Ü	# Ü [dc ]A
9 8 0,255,0,255,0,0,0,0,0,0 Common 76 2 76 9	# 9 [39 ]0
